X/D:Y:Z:Zd
-362.200000	-15.350000	41.750000	0.002307
-362.200000	0.000000	41.750000	0.014707
-362.200000	15.350000	41.750000	0.036707
-357.200000	-15.350000	41.750000	-0.000067
-357.200000	0.000000	41.750000	0.010833
-357.200000	15.350000	41.750000	0.032333
-352.200000	-15.350000	41.750000	-0.002541
-352.200000	0.000000	41.750000	0.007860
-352.200000	15.350000	41.750000	0.027660
-347.200000	-15.350000	41.750000	-0.002915
-347.200000	0.000000	41.750000	0.009086
-347.200000	15.350000	41.750000	0.022686
-342.200000	-15.350000	41.750000	-0.001688
-342.200000	0.000000	41.750000	0.005712
-342.200000	15.350000	41.750000	0.019512
-337.200000	-15.350000	41.750000	-0.001962
-337.200000	0.000000	41.750000	0.001839
-337.200000	15.350000	41.750000	0.016239
-332.200000	-15.350000	41.750000	-0.004236
-332.200000	0.000000	41.750000	0.000465
-332.200000	15.350000	41.750000	0.012665
-327.200000	-15.350000	41.750000	-0.006809
-327.200000	0.000000	41.750000	-0.001708
-327.200000	15.350000	41.750000	0.012991
-322.200000	-15.350000	41.750000	-0.007283
-322.200000	0.000000	41.750000	-0.001482
-322.200000	15.350000	41.750000	0.008918
-317.200000	-15.350000	41.750000	-0.008357
-317.200000	0.000000	41.750000	-0.003756
-317.200000	15.350000	41.750000	0.008844
-312.200000	-15.350000	41.750000	-0.006430
-312.200000	0.000000	41.750000	-0.004229
-312.200000	15.350000	41.750000	0.007370
-307.200000	-15.350000	41.750000	-0.007604
-307.200000	0.000000	41.750000	-0.003003
-307.200000	15.350000	41.750000	0.007797
-302.200000	-15.350000	41.750000	-0.008778
-302.200000	0.000000	41.750000	-0.004377
-302.200000	15.350000	41.750000	0.009423
-297.200000	-15.350000	41.750000	-0.010651
-297.200000	0.000000	41.750000	-0.001950
-297.200000	15.350000	41.750000	0.010350
-292.200000	-15.350000	41.750000	-0.009025
-292.200000	0.000000	41.750000	-0.002224
-292.200000	15.350000	41.750000	0.012376
-287.200000	-15.350000	41.750000	-0.010899
-287.200000	0.000000	41.750000	0.000002
-287.200000	15.350000	41.750000	0.014202
-282.200000	-15.350000	41.750000	-0.011972
-282.200000	0.000000	41.750000	-0.000171
-282.200000	15.350000	41.750000	0.016329
-277.200000	-15.350000	41.750000	-0.009946
-277.200000	0.000000	41.750000	0.000155
-277.200000	15.350000	41.750000	0.016655
-272.200000	-15.350000	41.750000	-0.005820
-272.200000	0.000000	41.750000	0.002181
-272.200000	15.350000	41.750000	0.019881
-242.800000	-15.350000	40.250000	-0.053353
-242.800000	0.000000	40.250000	-0.055353
-242.800000	15.350000	40.250000	-0.047552
-237.800000	-15.350000	40.250000	-0.052026
-237.800000	0.000000	40.250000	-0.055526
-237.800000	15.350000	40.250000	-0.046825
-232.800000	-15.350000	40.250000	-0.051900
-232.800000	0.000000	40.250000	-0.053500
-232.800000	15.350000	40.250000	-0.048299
-227.800000	-15.350000	40.250000	-0.051174
-227.800000	0.000000	40.250000	-0.051674
-227.800000	15.350000	40.250000	-0.045373
-222.800000	-15.350000	40.250000	-0.050447
-222.800000	0.000000	40.250000	-0.051147
-222.800000	15.350000	40.250000	-0.045646
-217.800000	-15.350000	40.250000	-0.048721
-217.800000	0.000000	40.250000	-0.052221
-217.800000	15.350000	40.250000	-0.044320
-212.800000	-15.350000	40.250000	-0.049095
-212.800000	0.000000	40.250000	-0.050295
-212.800000	15.350000	40.250000	-0.042594
-207.800000	-15.350000	40.250000	-0.046668
-207.800000	0.000000	40.250000	-0.049268
-207.800000	15.350000	40.250000	-0.042167
-202.800000	-15.350000	40.250000	-0.047642
-202.800000	0.000000	40.250000	-0.046742
-202.800000	15.350000	40.250000	-0.038941
-197.800000	-15.350000	40.250000	-0.045515
-197.800000	0.000000	40.250000	-0.046416
-197.800000	15.350000	40.250000	-0.038215
-192.800000	-15.350000	40.250000	-0.044189
-192.800000	0.000000	40.250000	-0.044089
-192.800000	15.350000	40.250000	-0.035588
-187.800000	-15.350000	40.250000	-0.041563
-187.800000	0.000000	40.250000	-0.042163
-187.800000	15.350000	40.250000	-0.033662
-182.800000	-15.350000	40.250000	-0.041436
-182.800000	0.000000	40.250000	-0.042037
-182.800000	15.350000	40.250000	-0.030236
-177.800000	-15.350000	40.250000	-0.040210
-177.800000	0.000000	40.250000	-0.036610
-177.800000	15.350000	40.250000	-0.027409
-172.800000	-15.350000	40.250000	-0.035284
-172.800000	0.000000	40.250000	-0.033784
-172.800000	15.350000	40.250000	-0.025483
-167.800000	-15.350000	40.250000	-0.034757
-167.800000	0.000000	40.250000	-0.029757
-167.800000	15.350000	40.250000	-0.021557
-162.800000	-15.350000	40.250000	-0.032731
-162.800000	0.000000	40.250000	-0.029031
-162.800000	15.350000	40.250000	-0.020231
-157.800000	-15.350000	40.250000	-0.026805
-157.800000	0.000000	40.250000	-0.022105
-157.800000	15.350000	40.250000	-0.014205
-152.800000	-15.350000	40.250000	-0.025978
-152.800000	0.000000	40.250000	-0.019278
-152.800000	15.350000	40.250000	-0.012079
-124.400000	-15.350000	38.750000	0.026703
-124.400000	0.000000	38.750000	0.024803
-124.400000	15.350000	38.750000	0.024204
-119.400000	-15.350000	38.750000	0.023130
-119.400000	0.000000	38.750000	0.018330
-119.400000	15.350000	38.750000	0.020230
-114.400000	-15.350000	38.750000	0.020656
-114.400000	0.000000	38.750000	0.017956
-114.400000	15.350000	38.750000	0.016757
-109.400000	-15.350000	38.750000	0.020782
-109.400000	0.000000	38.750000	0.014682
-109.400000	15.350000	38.750000	0.015983
-104.400000	-15.350000	38.750000	0.021909
-104.400000	0.000000	38.750000	0.011809
-104.400000	15.350000	38.750000	0.016410
-99.400000	-15.350000	38.750000	0.020435
-99.400000	0.000000	38.750000	0.013035
-99.400000	15.350000	38.750000	0.015736
-94.400000	-15.350000	38.750000	0.023161
-94.400000	0.000000	38.750000	0.013261
-94.400000	15.350000	38.750000	0.015762
-72.000000	-15.350000	37.250000	-0.107169
-72.000000	0.000000	37.250000	-0.070069
-72.000000	15.350000	37.250000	-0.031969
-67.000000	-15.350000	37.250000	-0.135242
-67.000000	0.000000	37.250000	-0.100742
-67.000000	15.350000	37.250000	-0.060242
-62.000000	-15.350000	37.250000	-0.157316
-62.000000	0.000000	37.250000	-0.127816
-62.000000	15.350000	37.250000	-0.089016
-57.000000	-15.350000	37.250000	-0.184789
-57.000000	0.000000	37.250000	-0.155890
-57.000000	15.350000	37.250000	-0.117190
-52.000000	-15.350000	37.250000	-0.212363
-52.000000	0.000000	37.250000	-0.181463
-52.000000	15.350000	37.250000	-0.144963
52.000000	-15.350000	38.750000	0.171505
52.000000	0.000000	38.750000	0.165805
52.000000	15.350000	38.750000	0.167005
57.000000	-15.350000	38.750000	0.161931
57.000000	0.000000	38.750000	0.152531
57.000000	15.350000	38.750000	0.154531
62.000000	-15.350000	38.750000	0.150958
62.000000	0.000000	38.750000	0.140058
62.000000	15.350000	38.750000	0.145557
67.000000	-15.350000	38.750000	0.136684
67.000000	0.000000	38.750000	0.125184
67.000000	15.350000	38.750000	0.129684
72.000000	-15.350000	38.750000	0.125610
72.000000	0.000000	38.750000	0.114110
72.000000	15.350000	38.750000	0.118510
94.400000	-15.350000	40.250000	0.040780
94.400000	0.000000	40.250000	0.051980
94.400000	15.350000	40.250000	0.058281
99.400000	-15.350000	40.250000	0.024907
99.400000	0.000000	40.250000	0.038607
99.400000	15.350000	40.250000	0.041907
104.400000	-15.350000	40.250000	0.011133
104.400000	0.000000	40.250000	0.020433
104.400000	15.350000	40.250000	0.030133
109.400000	-15.350000	40.250000	0.002559
109.400000	0.000000	40.250000	0.009159
109.400000	15.350000	40.250000	0.018759
114.400000	-15.350000	40.250000	-0.008414
114.400000	0.000000	40.250000	-0.003913
114.400000	15.350000	40.250000	0.007887
119.400000	-15.350000	40.250000	-0.018288
119.400000	0.000000	40.250000	-0.013787
119.400000	15.350000	40.250000	-0.002687
124.400000	-15.350000	40.250000	-0.026462
124.400000	0.000000	40.250000	-0.023961
124.400000	15.350000	40.250000	-0.011261
152.800000	-15.350000	41.750000	0.015021
152.800000	0.000000	41.750000	0.020321
152.800000	15.350000	41.750000	0.028221
157.800000	-15.350000	41.750000	0.011746
157.800000	0.000000	41.750000	0.015247
157.800000	15.350000	41.750000	0.026647
162.800000	-15.350000	41.750000	0.006273
162.800000	0.000000	41.750000	0.011974
162.800000	15.350000	41.750000	0.024274
167.800000	-15.350000	41.750000	0.001899
167.800000	0.000000	41.750000	0.009000
167.800000	15.350000	41.750000	0.021900
172.800000	-15.350000	41.750000	-0.002174
172.800000	0.000000	41.750000	0.006026
172.800000	15.350000	41.750000	0.019526
177.800000	-15.350000	41.750000	-0.004748
177.800000	0.000000	41.750000	0.001253
177.800000	15.350000	41.750000	0.015953
182.800000	-15.350000	41.750000	-0.008622
182.800000	0.000000	41.750000	0.000779
182.800000	15.350000	41.750000	0.013479
187.800000	-15.350000	41.750000	-0.006495
187.800000	0.000000	41.750000	-0.000294
187.800000	15.350000	41.750000	0.009905
192.800000	-15.350000	41.750000	-0.009669
192.800000	0.000000	41.750000	-0.002668
192.800000	15.350000	41.750000	0.007632
197.800000	-15.350000	41.750000	-0.014643
197.800000	0.000000	41.750000	-0.008042
197.800000	15.350000	41.750000	0.002258
202.800000	-15.350000	41.750000	-0.016416
202.800000	0.000000	41.750000	-0.012315
202.800000	15.350000	41.750000	0.003484
207.800000	-15.350000	41.750000	-0.016590
207.800000	0.000000	41.750000	-0.011989
207.800000	15.350000	41.750000	-0.000789
212.800000	-15.350000	41.750000	-0.020664
212.800000	0.000000	41.750000	-0.018563
212.800000	15.350000	41.750000	-0.006063
217.800000	-15.350000	41.750000	-0.024637
217.800000	0.000000	41.750000	-0.018536
217.800000	15.350000	41.750000	-0.008936
222.800000	-15.350000	41.750000	-0.029011
222.800000	0.000000	41.750000	-0.024610
222.800000	15.350000	41.750000	-0.013610
227.800000	-15.350000	41.750000	-0.033985
227.800000	0.000000	41.750000	-0.025684
227.800000	15.350000	41.750000	-0.019084
232.800000	-15.350000	41.750000	-0.035758
232.800000	0.000000	41.750000	-0.033657
232.800000	15.350000	41.750000	-0.020957
237.800000	-15.350000	41.750000	-0.039132
237.800000	0.000000	41.750000	-0.035331
237.800000	15.350000	41.750000	-0.024231
242.800000	-15.350000	41.750000	-0.041406
242.800000	0.000000	41.750000	-0.038205
242.800000	15.350000	41.750000	-0.028405
272.200000	-15.350000	43.250000	0.018462
272.200000	0.000000	43.250000	0.019762
272.200000	15.350000	43.250000	0.026262
277.200000	-15.350000	43.250000	0.015688
277.200000	0.000000	43.250000	0.015189
277.200000	15.350000	43.250000	0.021189
282.200000	-15.350000	43.250000	0.010214
282.200000	0.000000	43.250000	0.013615
282.200000	15.350000	43.250000	0.020015
287.200000	-15.350000	43.250000	0.008840
287.200000	0.000000	43.250000	0.010841
287.200000	15.350000	43.250000	0.018241
292.200000	-15.350000	43.250000	0.009767
292.200000	0.000000	43.250000	0.008468
292.200000	15.350000	43.250000	0.015868
297.200000	-15.350000	43.250000	0.005593
297.200000	0.000000	43.250000	0.006094
297.200000	15.350000	43.250000	0.013394
302.200000	-15.350000	43.250000	0.005119
302.200000	0.000000	43.250000	0.005220
302.200000	15.350000	43.250000	0.012120
307.200000	-15.350000	43.250000	0.007046
307.200000	0.000000	43.250000	0.003447
307.200000	15.350000	43.250000	0.010647
312.200000	-15.350000	43.250000	0.004572
312.200000	0.000000	43.250000	0.001473
312.200000	15.350000	43.250000	0.009673
317.200000	-15.350000	43.250000	0.002199
317.200000	0.000000	43.250000	0.000499
317.200000	15.350000	43.250000	0.009399
322.200000	-15.350000	43.250000	-0.000275
322.200000	0.000000	43.250000	0.000626
322.200000	15.350000	43.250000	0.007126
327.200000	-15.350000	43.250000	0.000951
327.200000	0.000000	43.250000	-0.000348
327.200000	15.350000	43.250000	0.006452
332.200000	-15.350000	43.250000	-0.001222
332.200000	0.000000	43.250000	0.000178
332.200000	15.350000	43.250000	0.008278
337.200000	-15.350000	43.250000	-0.002096
337.200000	0.000000	43.250000	-0.003895
337.200000	15.350000	43.250000	0.004705
342.200000	-15.350000	43.250000	-0.000370
342.200000	0.000000	43.250000	-0.006069
342.200000	15.350000	43.250000	0.002531
347.200000	-15.350000	43.250000	-0.007143
347.200000	0.000000	43.250000	-0.009442
347.200000	15.350000	43.250000	-0.001943
352.200000	-15.350000	43.250000	-0.007816
352.200000	0.000000	43.250000	-0.011516
352.200000	15.350000	43.250000	-0.005216
357.200000	-15.350000	43.250000	-0.008690
357.200000	0.000000	43.250000	-0.018290
357.200000	15.350000	43.250000	-0.008490
362.200000	-15.350000	43.250000	-0.015963
362.200000	0.000000	43.250000	-0.022863
362.200000	15.350000	43.250000	-0.014864
