X/D:Y:Z:Xd:Yd:Zd
-362.2294	30.6634	41.8189	-0.0294	-0.0366	0.0689
-357.2332	30.6675	41.8125	-0.0332	-0.0325	0.0625
-352.2349	30.6717	41.8036	-0.0349	-0.0283	0.0536
-347.2374	30.6743	41.7979	-0.0374	-0.0257	0.0479
-342.2397	30.6775	41.7903	-0.0397	-0.0225	0.0403
-337.2395	30.6796	41.7826	-0.0395	-0.0204	0.0326
-332.2377	30.6835	41.7784	-0.0377	-0.0165	0.0284
-327.2384	30.6846	41.7742	-0.0384	-0.0154	0.0242
-322.2374	30.6872	41.7727	-0.0374	-0.0128	0.0227
-317.2359	30.6892	41.7750	-0.0359	-0.0108	0.0250
-312.2339	30.6908	41.7777	-0.0339	-0.0092	0.0277
-307.2315	30.6932	41.7787	-0.0315	-0.0068	0.0287
-302.2305	30.6943	41.7804	-0.0305	-0.0057	0.0304
-297.2280	30.6963	41.7811	-0.0280	-0.0037	0.0311
-292.2261	30.6983	41.7822	-0.0261	-0.0017	0.0322
-287.2243	30.7024	41.7832	-0.0243	0.0024	0.0332
-282.2244	30.7063	41.7855	-0.0244	0.0063	0.0355
-277.2224	30.7088	41.7833	-0.0224	0.0088	0.0333
-272.2216	30.7133	41.7844	-0.0216	0.0133	0.0344
-362.1903	-30.7305	41.7553	0.0097	-0.0305	0.0053
-357.1929	-30.7268	41.7554	0.0071	-0.0268	0.0054
-352.1951	-30.7216	41.7558	0.0049	-0.0216	0.0058
-347.1972	-30.7190	41.7567	0.0028	-0.0190	0.0067
-342.1993	-30.7154	41.7556	0.0007	-0.0154	0.0056
-337.1995	-30.7126	41.7570	0.0005	-0.0126	0.0070
-332.1995	-30.7103	41.7586	0.0005	-0.0103	0.0086
-327.1995	-30.7086	41.7574	0.0005	-0.0086	0.0074
-322.1986	-30.7060	41.7554	0.0014	-0.0060	0.0054
-317.1977	-30.7036	41.7543	0.0023	-0.0036	0.0043
-312.1977	-30.7014	41.7522	0.0023	-0.0014	0.0022
-307.1947	-30.6997	41.7510	0.0053	0.0003	0.0010
-302.1946	-30.6976	41.7473	0.0054	0.0024	-0.0027
-297.1929	-30.6945	41.7465	0.0071	0.0055	-0.0035
-292.1902	-30.6928	41.7449	0.0098	0.0072	-0.0051
-287.1898	-30.6904	41.7455	0.0102	0.0096	-0.0045
-282.1868	-30.6872	41.7465	0.0132	0.0128	-0.0035
-277.1855	-30.6839	41.7460	0.0145	0.0161	-0.0040
-272.1845	-30.6808	41.7458	0.0155	0.0192	-0.0042
-255.4779	-30.6717	41.7528	0.0221	0.0283	0.0028
-255.4875	-15.3276	41.7591	0.0125	0.0224	0.0091
-255.4980	0.0250	41.7699	0.0020	0.0250	0.0199
-255.5081	15.3787	41.7854	-0.0081	0.0287	0.0354
-255.5188	30.7262	41.8005	-0.0188	0.0262	0.0505
-242.7614	30.8263	40.2181	0.0386	0.1263	-0.0319
-237.7609	30.8259	40.2180	0.0391	0.1259	-0.0320
-232.7592	30.8242	40.2188	0.0408	0.1242	-0.0312
-227.7594	30.8231	40.2161	0.0406	0.1231	-0.0339
-222.7590	30.8230	40.2183	0.0410	0.1230	-0.0317
-217.7582	30.8215	40.2234	0.0418	0.1215	-0.0266
-212.7590	30.8195	40.2239	0.0410	0.1195	-0.0261
-207.7588	30.8187	40.2255	0.0412	0.1187	-0.0245
-202.7594	30.8164	40.2273	0.0406	0.1164	-0.0227
-197.7611	30.8155	40.2293	0.0389	0.1155	-0.0207
-192.7606	30.8138	40.2337	0.0394	0.1138	-0.0163
-187.7608	30.8099	40.2362	0.0392	0.1099	-0.0138
-182.7601	30.8096	40.2394	0.0399	0.1096	-0.0106
-177.7602	30.8076	40.2368	0.0398	0.1076	-0.0132
-172.7614	30.8057	40.2401	0.0386	0.1057	-0.0099
-167.7612	30.8034	40.2437	0.0388	0.1034	-0.0063
-162.7616	30.8016	40.2486	0.0384	0.1016	-0.0014
-157.7608	30.8001	40.2504	0.0392	0.1001	0.0004
-152.7612	30.7983	40.2555	0.0388	0.0983	0.0055
-242.7898	-30.5745	40.2171	0.0102	0.1255	-0.0329
-237.7934	-30.5754	40.2207	0.0066	0.1246	-0.0293
-232.7943	-30.5761	40.2219	0.0057	0.1239	-0.0281
-227.7971	-30.5762	40.2230	0.0029	0.1238	-0.0270
-222.7983	-30.5768	40.2241	0.0017	0.1232	-0.0259
-217.7976	-30.5760	40.2247	0.0024	0.1240	-0.0253
-212.8005	-30.5778	40.2253	-0.0005	0.1222	-0.0247
-207.7997	-30.5788	40.2255	0.0003	0.1212	-0.0245
-202.8003	-30.5800	40.2226	-0.0003	0.1200	-0.0274
-197.8018	-30.5802	40.2232	-0.0018	0.1198	-0.0268
-192.8021	-30.5830	40.2227	-0.0021	0.1170	-0.0273
-187.8020	-30.5851	40.2235	-0.0020	0.1149	-0.0265
-182.7997	-30.5862	40.2234	0.0003	0.1138	-0.0266
-177.7995	-30.5880	40.2262	0.0005	0.1120	-0.0238
-172.7976	-30.5883	40.2280	0.0024	0.1117	-0.0220
-167.7930	-30.5936	40.2297	0.0070	0.1064	-0.0203
-162.7908	-30.5951	40.2320	0.0092	0.1049	-0.0180
-157.7875	-30.5982	40.2349	0.0125	0.1018	-0.0151
-152.7861	-30.5998	40.2350	0.0139	0.1002	-0.0150
-136.0808	-30.6078	40.2539	0.0192	0.0922	0.0039
-136.0767	-15.2644	40.2458	0.0233	0.0856	-0.0042
-136.0731	0.0878	40.2483	0.0269	0.0878	-0.0017
-136.0699	15.4423	40.2584	0.0301	0.0923	0.0084
-136.0652	30.7889	40.2687	0.0348	0.0889	0.0187
-124.3638	30.7898	38.7823	0.0362	0.0898	0.0323
-119.3634	30.7900	38.7819	0.0366	0.0900	0.0319
-114.3630	30.7876	38.7788	0.0370	0.0876	0.0288
-109.3637	30.7852	38.7773	0.0363	0.0852	0.0273
-104.3631	30.7841	38.7771	0.0369	0.0841	0.0271
-99.3643	30.7843	38.7772	0.0357	0.0843	0.0272
-94.3623	30.7827	38.7776	0.0377	0.0827	0.0276
-124.3774	-30.6083	38.7977	0.0226	0.0917	0.0477
-119.3759	-30.6104	38.7935	0.0241	0.0896	0.0435
-114.3751	-30.6121	38.7927	0.0249	0.0879	0.0427
-109.3738	-30.6128	38.7919	0.0262	0.0872	0.0419
-104.3712	-30.6137	38.7921	0.0288	0.0863	0.0421
-99.3707	-30.6136	38.7945	0.0293	0.0864	0.0445
-94.3688	-30.6158	38.7971	0.0312	0.0842	0.0471
-78.6699	-30.6193	38.8105	0.0301	0.0807	0.0605
-78.6691	-15.2744	38.7899	0.0309	0.0756	0.0399
-78.6671	0.0771	38.7814	0.0329	0.0771	0.0314
-78.6671	15.4327	38.7826	0.0329	0.0827	0.0326
-78.6666	30.7775	38.7885	0.0334	0.0775	0.0385
-71.9405	30.6545	37.2583	0.0595	-0.0455	0.0083
-66.9395	30.6495	37.2305	0.0605	-0.0505	-0.0195
-61.9408	30.6469	37.2033	0.0592	-0.0531	-0.0467
-56.9419	30.6444	37.1733	0.0581	-0.0556	-0.0767
-51.9426	30.6419	37.1456	0.0574	-0.0581	-0.1044
-71.9758	-30.7442	37.1223	0.0242	-0.0442	-0.1277
-66.9748	-30.7487	37.0954	0.0252	-0.0487	-0.1546
-61.9740	-30.7505	37.0696	0.0260	-0.0505	-0.1804
-56.9724	-30.7530	37.0455	0.0276	-0.0530	-0.2045
-51.9722	-30.7560	37.0213	0.0278	-0.0560	-0.2287
-41.2754	-30.7601	36.9744	0.0246	-0.0601	-0.2756
-41.2681	-15.4143	36.9912	0.0319	-0.0643	-0.2588
-41.2595	-0.0648	37.0166	0.0405	-0.0648	-0.2334
-41.2529	15.2902	37.0507	0.0471	-0.0598	-0.1993
-41.2463	30.6361	37.0883	0.0537	-0.0639	-0.1617
41.3409	-30.7309	38.9612	0.0409	-0.0309	0.2112
41.3428	-15.3885	38.9461	0.0428	-0.0385	0.1961
41.3445	-0.0358	38.9424	0.0445	-0.0358	0.1924
41.3454	15.3164	38.9465	0.0454	-0.0336	0.1965
41.3477	30.6635	38.9541	0.0477	-0.0365	0.2041
52.0492	30.6625	38.9282	0.0492	-0.0375	0.1782
57.0498	30.6621	38.9206	0.0498	-0.0379	0.1706
62.0512	30.6609	38.9130	0.0512	-0.0391	0.1630
67.0516	30.6621	38.9030	0.0516	-0.0379	0.1530
72.0536	30.6605	38.8862	0.0536	-0.0395	0.1362
52.0419	-30.7330	38.9392	0.0419	-0.0330	0.1892
57.0426	-30.7339	38.9323	0.0426	-0.0339	0.1823
62.0432	-30.7337	38.9296	0.0432	-0.0337	0.1796
67.0445	-30.7352	38.9240	0.0445	-0.0352	0.1740
72.0454	-30.7345	38.9150	0.0454	-0.0345	0.1650
78.6720	-30.6982	40.3352	-0.0280	0.0018	0.0852
78.6754	-15.3538	40.3448	-0.0246	-0.0038	0.0948
78.6806	-0.0011	40.3603	-0.0194	-0.0011	0.1103
78.6849	15.3541	40.3689	-0.0151	0.0041	0.1189
78.6885	30.6994	40.3682	-0.0115	-0.0006	0.1182
94.3873	30.6969	40.3110	-0.0127	-0.0031	0.0610
99.3862	30.6973	40.2972	-0.0138	-0.0027	0.0472
104.3865	30.6955	40.2874	-0.0135	-0.0045	0.0374
109.3867	30.6951	40.2783	-0.0133	-0.0049	0.0283
114.3865	30.6934	40.2694	-0.0135	-0.0066	0.0194
119.3875	30.6926	40.2631	-0.0125	-0.0074	0.0131
124.3865	30.6914	40.2545	-0.0135	-0.0086	0.0045
94.3699	-30.6986	40.2781	-0.0301	0.0014	0.0281
99.3678	-30.6989	40.2668	-0.0322	0.0011	0.0168
104.3688	-30.7002	40.2601	-0.0312	-0.0002	0.0101
109.3679	-30.7015	40.2519	-0.0321	-0.0015	0.0019
114.3681	-30.7024	40.2461	-0.0319	-0.0024	-0.0039
119.3690	-30.7043	40.2399	-0.0310	-0.0043	-0.0101
124.3688	-30.7050	40.2364	-0.0312	-0.0050	-0.0136
136.1441	-30.7420	41.7829	0.0441	-0.0420	0.0329
136.1467	-15.3985	41.7827	0.0467	-0.0485	0.0327
136.1507	-0.0459	41.7880	0.0507	-0.0459	0.0380
136.1538	15.3080	41.7961	0.0538	-0.0420	0.0461
136.1573	30.6540	41.8053	0.0573	-0.0460	0.0553
152.8549	30.6538	41.7903	0.0549	-0.0462	0.0403
157.8528	30.6534	41.7879	0.0528	-0.0466	0.0379
162.8531	30.6530	41.7851	0.0531	-0.0470	0.0351
167.8528	30.6539	41.7826	0.0528	-0.0461	0.0326
172.8543	30.6518	41.7761	0.0543	-0.0482	0.0261
177.8534	30.6536	41.7750	0.0534	-0.0464	0.0250
182.8540	30.6518	41.7744	0.0540	-0.0482	0.0244
187.8542	30.6519	41.7712	0.0542	-0.0481	0.0212
192.8534	30.6515	41.7695	0.0534	-0.0485	0.0195
197.8529	30.6521	41.7680	0.0529	-0.0479	0.0180
202.8518	30.6529	41.7637	0.0518	-0.0471	0.0137
207.8509	30.6530	41.7619	0.0509	-0.0470	0.0119
212.8487	30.6561	41.7604	0.0487	-0.0439	0.0104
217.8455	30.6571	41.7566	0.0455	-0.0429	0.0066
222.8454	30.6574	41.7467	0.0454	-0.0426	-0.0033
227.8432	30.6590	41.7425	0.0432	-0.0410	-0.0075
232.8428	30.6587	41.7419	0.0428	-0.0413	-0.0081
237.8399	30.6584	41.7381	0.0399	-0.0416	-0.0119
242.8406	30.6585	41.7362	0.0406	-0.0415	-0.0138
152.8307	-30.7401	41.7714	0.0307	-0.0401	0.0214
157.8289	-30.7389	41.7677	0.0289	-0.0389	0.0177
162.8274	-30.7400	41.7644	0.0274	-0.0400	0.0144
167.8278	-30.7400	41.7600	0.0278	-0.0400	0.0100
172.8297	-30.7397	41.7554	0.0297	-0.0397	0.0054
177.8273	-30.7393	41.7525	0.0273	-0.0393	0.0025
182.8281	-30.7404	41.7501	0.0281	-0.0404	0.0001
187.8279	-30.7393	41.7489	0.0279	-0.0393	-0.0011
192.8278	-30.7388	41.7473	0.0278	-0.0388	-0.0027
197.8280	-30.7385	41.7439	0.0280	-0.0385	-0.0061
202.8275	-30.7385	41.7435	0.0275	-0.0385	-0.0065
207.8271	-30.7384	41.7415	0.0271	-0.0384	-0.0085
212.8263	-30.7368	41.7402	0.0263	-0.0368	-0.0098
217.8267	-30.7363	41.7372	0.0267	-0.0363	-0.0128
222.8275	-30.7358	41.7328	0.0275	-0.0358	-0.0172
227.8262	-30.7363	41.7278	0.0262	-0.0363	-0.0222
232.8254	-30.7356	41.7241	0.0254	-0.0356	-0.0259
237.8251	-30.7356	41.7195	0.0251	-0.0356	-0.0305
242.8262	-30.7361	41.7150	0.0262	-0.0361	-0.0350
255.5641	-30.6975	43.2919	0.0641	0.0025	0.0419
255.5634	-15.3534	43.2867	0.0634	-0.0034	0.0367
255.5638	-0.0008	43.2863	0.0638	-0.0008	0.0363
255.5626	15.3536	43.2929	0.0626	0.0036	0.0429
255.5615	30.7000	43.2995	0.0615	0.0000	0.0495
272.2691	30.6998	43.2816	0.0691	-0.0002	0.0316
277.2699	30.7005	43.2789	0.0699	0.0005	0.0289
282.2724	30.6980	43.2794	0.0724	-0.0020	0.0294
287.2733	30.6988	43.2790	0.0733	-0.0012	0.0290
292.2754	30.6973	43.2783	0.0754	-0.0027	0.0283
297.2779	30.6981	43.2779	0.0779	-0.0019	0.0279
302.2792	30.6971	43.2746	0.0792	-0.0029	0.0246
307.2802	30.6980	43.2764	0.0802	-0.0020	0.0264
312.2805	30.6977	43.2758	0.0805	-0.0023	0.0258
317.2803	30.6976	43.2742	0.0803	-0.0024	0.0242
322.2797	30.6980	43.2710	0.0797	-0.0020	0.0210
327.2779	30.6980	43.2715	0.0779	-0.0020	0.0215
332.2776	30.6990	43.2718	0.0776	-0.0010	0.0218
337.2759	30.7000	43.2704	0.0759	-0.0000	0.0204
342.2748	30.6991	43.2682	0.0748	-0.0009	0.0182
347.2740	30.6987	43.2675	0.0740	-0.0013	0.0175
352.2741	30.6980	43.2626	0.0741	-0.0020	0.0126
357.2732	30.6976	43.2618	0.0732	-0.0024	0.0118
362.2724	30.6983	43.2562	0.0724	-0.0017	0.0062
272.2566	-30.7049	43.2785	0.0566	-0.0049	0.0285
277.2562	-30.7036	43.2754	0.0562	-0.0036	0.0254
282.2563	-30.7038	43.2721	0.0563	-0.0038	0.0221
287.2540	-30.7029	43.2700	0.0540	-0.0029	0.0200
292.2537	-30.7032	43.2692	0.0537	-0.0032	0.0192
297.2545	-30.7024	43.2653	0.0545	-0.0024	0.0153
302.2547	-30.7029	43.2653	0.0547	-0.0029	0.0153
307.2547	-30.7015	43.2655	0.0547	-0.0015	0.0155
312.2558	-30.7021	43.2701	0.0558	-0.0021	0.0201
317.2566	-30.7015	43.2719	0.0566	-0.0015	0.0219
322.2577	-30.7002	43.2716	0.0577	-0.0002	0.0216
327.2578	-30.6990	43.2723	0.0578	0.0010	0.0223
332.2596	-30.6998	43.2713	0.0596	0.0002	0.0213
337.2595	-30.6980	43.2717	0.0595	0.0020	0.0217
342.2601	-30.6982	43.2686	0.0601	0.0018	0.0186
347.2616	-30.6975	43.2658	0.0616	0.0025	0.0158
352.2636	-30.6988	43.2617	0.0636	0.0012	0.0117
357.2639	-30.6982	43.2589	0.0639	0.0018	0.0089
362.2650	-30.6987	43.2561	0.0650	0.0013	0.0061
